// Definition generated by JingoAp
title=2013 Reference
calcstep=1.0
method=7
vstep=80
showstep=0.5
showType = 2
sleep=100
relativity
gofor=0.0
runTo=0.0
record=0.0
scale=120
up=0.0
left=0.0
rotate=0.0
noorbits
trails
tilt=0.0
julian=2456294.0000
body 
name=Sun colour=ffff00 mass=1.0 size=696000 central noorbit notrail
   x=0.0 y=0.0 z=0.0
   vx=0.0 vy=0.0 vz=0.0

body 
name=Mars colour=ff6666 mass=3.2268e-7 size=6794
   x=1.084693874622010E+00 y=-8.604469804554754E-01 z=-4.465996785934684E-02
   vx=9.229147384384503E-03 vy=1.215888919184430E-02 vz=2.814933702875114E-05

body 
name=Jupiter colour=ccccff mass=9.547e-4 size=142984
   x=1.421596752752612E+00 y=4.859795594810824E+00 z=-5.199486688778461E-02
   vx=-7.340518280779357E-03 vy=2.479731783605924E-03 vz=1.539596770965206E-04

body 
name=Saturn colour=ffff99 mass=2.8586e-4 size=120536
   x=-8.079517741035671E+00 y=-5.516991881158961E+00 z=4.176045414444305E-01
   vx=2.837850483107181E-03 vy=-4.618662662672788E-03 vz=-3.270719845148249E-05

body 
name=Uranus colour=ccffcc mass=4.3658e-5 size=51118
   x=1.989006066929045E+01 y=2.575229645076504E+00 z=-2.480693296244529E-01
   vx=-5.394935000985953E-04 vy=3.718573291891909E-03 vz=2.085126453693156E-05

body 
name=Neptune colour=ffcccc mass=5.15057e-5 size=49527
   x=2.656157116263351E+01 y=-1.392179139719359E+01 z=-3.253152047783113E-01
   vx=1.430549254465785E-03 vy=2.800151855088957E-03 vz=-9.061618964235203E-05

body 
name=Mercury colour=cccccc mass=1.66e-7 size=4880
   x=-1.583144484436139E-01 y=-4.374991820695130E-01 z=-2.122051141189899E-02
   vx=2.080181691353372E-02 vy=-8.179960548342384E-03 vz=-2.576974619437712E-03

body 
name=Venus colour=fff4be mass=2.4476e-6 size=12104
   x=-4.525446372407426E-01 y=-5.649670886015116E-01 z=1.837645971774012E-02
   vx=1.564476751160844E-02 vy=-1.274000545663467E-02 vz=-1.077478019669234E-03

body 
name=Earth colour=99ffff mass=3.003167e-6 size=12756 noorbit notrail follow
   x=-1.886103478897902E-01 y=9.650332160640234E-01 z=-2.639019293790875E-05
   vx=-1.716143537218686E-02 vy=-3.358329391889719E-03 vz=7.100057190343189E-08

body 
name=1-Ceres colour=000000 mass=4.74e-10 size=952
   x=6.523758359604030E-03 y=2.657166701395298E+00 z=8.227773528986794E-02
   vx=-1.056020089906788E-02 vy=-7.367018707078097E-04 vz=1.923973760072976E-03

body 
name=2-Pallas colour=000000 mass=1.06e-10 size=545
   x=2.467071289780246E+00 y=8.484646196844513E-01 z=-7.918948178762133E-01
   vx=-6.487733525374047E-03 vy=7.037578522133617E-03 vz=-4.322601872799709E-03

body 
name=(12711) colour=ffc800 mass=0.0 size=100.0 
   x=-0.6625507525852092 y=1.20513488447679 z=-0.07253314375627205
   vx=-0.00734747515186456 vy=-0.007935144618101669 vz=-0.007960451771849595
end 
