// Definition generated by JingoAp
title=2002 AA29 at Year 2560
calcstep=0.28
method=7
vstep=50
showstep=8
sleep=11
trails
gofor=0.0
record=0.0
scale=300.0
up=0.0
left=0
rotate=0.0
tilt=0.0
julian=2655835.5324
body 
name=Sun colour=ffff00 mass=1.0 size=696000 central  follow  noorbit  notrail 
   x=-8.95405191990984E-4 y=-0.007952357297054331 z=1.464974713979247E-4
   vx=8.441679791545552E-6 vy=-7.168954622796852E-7 vz=-1.8693729049168462E-7

body 
name=Mercury colour=999900 mass=1.66E-7 size=4880 noorbit  notrail 
   x=0.3493411842610064 y=-0.17211737513279524 z=-0.045023466660585994
   vx=0.006433992865086167 vy=0.026670895289740704 vz=0.0016174437030419117

body 
name=Venus colour=666666 mass=2.4476E-6 size=12104 noorbit  notrail 
   x=-0.33214603133998266 y=-0.6528159858109234 z=0.009297185760032658
   vx=0.017864656872672597 vy=-0.009327531832370745 vz=-0.0011639086437856881

body 
name=Earth-Moon colour=66ffff mass=3.0401E-6 size=12756 notrail  focus follow
   x=-0.8449845325937424 y=-0.5531861691481665 z=9.559787816233462E-4
   vx=0.009070220719461453 vy=-0.014524082939720528 vz=1.6848026758057316E-5

body 
name=Mars-barycentre colour=990033 mass=3.2268E-7 size=6794 noorbit  notrail 
   x=-1.1681951827351387 y=1.1605731298259279 z=0.05208107039272242
   vx=-0.0094132217261123 vy=-0.008670293203337863 vz=3.6816755304105374E-5

body 
name=Jupiter-barycentre colour=003399 mass=9.547E-4 size=142984 noorbit  notrail 
   x=-0.43466290312064726 y=5.116569956234563 z=-0.013232767857260137
   vx=-0.007616545317694333 vy=-2.7109459402902296E-4 vz=1.6968138015964728E-4

body 
name=Saturn-barycentre colour=006600 mass=2.8586E-4 size=120536 noorbit  notrail 
   x=7.0758228094984945 y=5.946535149886368 z=-0.3845510845118137
   vx=-0.003888825484571465 vy=0.004227701034023693 vz=8.736084575954904E-5

body 
name=Uranus-barycentre colour=666600 mass=4.3658E-5 size=51118 noorbit  notrail 
   x=-17.903489148992865 y=-3.7970835439844928 z=0.2162545610554457
   vx=7.937034844970221E-4 vy=-0.004037850670067427 vz=-2.4678218004830808E-5

body 
name=Neptune-barycentre colour=666600 mass=5.15057E-5 size=49528 noorbit  notrail 
   x=1.4117474088630528 y=29.83028748847838 z=-0.6470891255943806
   vx=-0.003154818051530614 vy=1.7089747883721314E-4 vz=6.925859692632599E-5

body 
name=Pluto-barycentre colour=660066 mass=7.0987E-9 size=2300 noorbit  notrail 
   x=42.45969559276577 y=-4.464435944685996 z=-11.809464022882887
   vx=6.740765350798967E-4 vy=0.0022873119084378902 vz=-4.392303526932399E-4

body 
name=2002-AA29 colour=ffff00 mass=0.0 size=0
   x=0.24837743269935472 y=-0.9649306041720283 z=-0.017045508456615132
   vx=0.016722924365384445 vy=0.0039010195194698325 vz=-0.0031747021976847845
end 
