// Definition generated by JingoAp
title=2013 Reference plut 2015 TB145
calcstep=0.04630208573342767
method=7
vstep=100
showstep=0.13
showtype=0
sleep=140
orbits
gofor=0.0
runTo=0.0
record=0.0
scale=200.0
up=0.0
left=0.0
rotate=1.2
tilt=1.0
julian=2457302.2008
body 
name=Sun colour=ffff00 mass=1.0 size=696000 central  noorbit  notrail 
   x=0.0036262566254745493 y=8.21563689529268E-4 z=-1.5785385500792975E-4
   vx=1.6698462097805187E-6 vy=6.526309463655698E-6 vz=-4.9979970458987916E-8

body 
name=Mars colour=ff6666 mass=3.2268E-7 size=6794
   x=-1.192843936094773 y=1.1444222932379198 z=0.05317013827914575
   vx=-0.009139092217983478 vy=-0.008917256146051654 vz=3.730556615760014E-5

body 
name=Jupiter colour=ccccff mass=9.547E-4 size=142984
   x=-4.937646210259348 y=2.170868595067436 z=0.10139791547636953
   vx=-0.003125443532244057 vy=-0.006552565798930809 vz=9.716319976221506E-5

body 
name=Saturn colour=ffff99 mass=2.8586E-4 size=120536
   x=-4.127141757888169 y=-9.099372448687332 z=0.3224668007025513
   vx=0.004775341578496692 vy=-0.002320931257181371 vz=-1.4969557907666318E-4

body 
name=Uranus colour=ccffcc mass=4.3658E-5 size=51118
   x=18.98328757758239 y=6.2491392029347015 z=-0.22272261346357594
   vx=-0.001258558435370486 vy=0.003552551329596084 vz=2.9501868734654767E-5

body 
name=Neptune colour=ffcccc mass=5.15057E-5 size=49527
   x=27.85782700839692 y=-11.029982228062075 z=-0.41486220622210085
   vx=0.001134737800628506 vy=0.00293731819916727 vz=-8.663956447188821E-5

body 
name=Mercury colour=cccccc mass=1.66E-7 size=4880
   x=0.2478054709043893 y=0.20564802047289257 z=-0.005823589969252578
   vx=-0.02361920742378549 vy=0.02276688249363742 vz=0.00402678990295756

body 
name=Venus colour=fff4be mass=2.4476E-6 size=12104
   x=0.5142903149721824 y=0.5121624123116415 z=-0.02261584815529957
   vx=-0.014371318875110794 vy=0.014212901816958435 vz=0.0010241350843987892

body 
name=Moon colour=ffb4a1 mass=3.694635E-8 size=3475 noorbit 
   x=0.9767718499108804 y=0.226226451638105 z=-3.7798783778170646E-4
   vx=-0.0046155242308029585 vy=0.01644494819334583 vz=2.35980771854477E-5

body 
name=Earth colour=99ffff mass=3.003167E-6 size=12756 
   x=0.9781499235218211 y=0.223977652124791 z=-1.679455052269619E-4
   vx=-0.004113087637195708 vy=0.016715836849500593 vz=-9.270859640328573E-7

body 
name=1-Ceres colour=00cc00 mass=4.74E-10 size=952 noorbit
   x=2.099723797950743 y=-2.050426680702563 z=-0.451015201571182
   vx=0.006743810256189765 vy=0.006791419173863229 vz=-0.001029669967810488

body 
name=2-Pallas colour=cccc00 mass=1.06E-10 size=545 noorbit
   x=0.5723051835284102 y=-2.7150997783617203 z=1.8289506368727693
   vx=0.008416105082346963 vy=3.782997757078407E-5 vz=-7.262657763131345E-4

body 
name=K15TE5B colour=ccb266 mass=0.0 size=100 follow
   x=1.2149478702860812 y=0.6358729404355388 z=-0.19837951536404405
   vx=-0.015077217632483115 vy=1.9529745206076524E-4 vz=0.007776142135075541

end 
