// Definition produced by saving the status of an active simulation
title=Base Solar System at 2014-01-01.5 plus 2017 KZ26
calcstep=0.23670209269728787
vstep=40
method=7
orbits 
julian=2457743.0000
showstep=1.0
sleep=10
scale=40.0
tilt=0.0
rotate=0.0
record=0.0
runTo=0.0
body 
 name=Sun mass=1.0 colour=ffffcc
 size=139100 notrail  noorbit  central  follow 
   x=0.003414901956251971  y=0.0038589424712041024  z=-1.567037390133484E-4
   vx=2.5192946855833696E-6 vy=-6.7139045570007536E-6 vz=-5.093576109851936E-8
body 
 name=Mercury mass=1.660136795E-7 colour=660066
 size=4880
   x=0.22410146124871239  y=0.22948211255871653  z=-0.001966725397435977
   vx=0.02567839300128119 vy=-0.020863127661310352 vz=-0.004059825125910164
body 
 name=Venus mass=2.44783828E-6 colour=666600
 size=12103
   x=0.621792508972246  y=0.37950525434097027  z=-0.03069011167111047
   vx=0.010566192068277478 vy=-0.017206520934060787 vz=-8.454838327900781E-4
body 
 name=Earth-Moon mass=3.04025458E-6 colour=00ffff
 size=12756
   x=0.023898236981746097  y=0.9874278081256473  z=-1.9390375960023578E-4
   vx=0.017483468628007426 vy=-3.008900892427093E-4 vz=-1.2600254016399656E-7
body 
 name=Mars_Barycenter mass=3.22773855E-7 colour=cc0000
 size=6792
   x=1.386533095637328  y=0.21989851485589476  z=-0.02957413731754033
   vx=0.0016261582821637964 vy=-0.015030298679617578 vz=-3.5472724497152705E-4
body 
 name=Jupiter_Barycenter mass=9.54730245E-4 colour=cccc00
 size=0
   x=-5.37075462636726  y=-0.9274416722168047  z=0.12396433185651261
   vx=-0.0011963859344440966 vy=0.007078931337413394 vz=-2.6491374026721153E-6
body 
 name=Saturn_Barycenter mass=2.85867195E-4 colour=99cc00
 size=120538
   x=-1.9245958268762973  y=-9.853459141692195  z=0.24792163484216873
   vx=-0.005169474368306952 vy=0.0010870635696827579 vz=1.86841269802722E-4
body 
 name=Uranus_Barycenter mass=4.36597581E-5 colour=009999
 size=51118
   x=18.36066659576084  y=7.790642437313995  z=-0.2089312842531194
   vx=0.0015650566836697853 vy=-0.0034373089617426 vz=-3.3044138650052394E-5
body 
 name=Neptune_Barycenter mass=5.15107536E-5 colour=cccc00
 size=49528
   x=28.328007759065212  y=-9.723848588882808  z=-0.4526034483181197
   vx=-9.982785241000015E-4 vy=-0.002987735626099639 vz=8.453295177162651E-5
body 
 name=2017-KZ26 mass=0.0 colour=66cc8b
 size=100
   x=-2.515508513765949  y=-1.594753434102103  z=0.6100627710453675
   vx=-0.005713243207267885 vy=0.008214538049013901 vz=-2.755818596065441E-4
end 
