// Definition generated by JingoAp
title=C/2019 Q4 
calcstep=0
method=7
vstep=100
showstep=2
sleep=100
orbits
gofor=0.0
runTo=0.0
record=0.0
scale=25
up=0.0
left=0.0
rotate=0.0
tilt=1.0
julian=2458850.0000
body 
 name=Sun mass=1.0 colour=ffff00
 size=696000 noorbit  central  follow 
   x=0.0034836910625831896  y=3.4647798575031784E-4  z=-1.5383727403472456E-4
   vx=-2.2025091340249E-6 vy=-6.308766914094535E-6 vz=5.97306337661185E-8
body 
 name=Mercury mass=1.66014E-7 colour=ffcc99
 size=4880
   x=-0.17915635759063675  y=0.2666210846092537  z=0.038359631284604435
   vx=0.028874037223409883 vy=0.014813964050018651 vz=-0.001438225499205905
body 
 name=Venus mass=2.4476E-6 colour=cccccc
 size=12104
   x=0.21814840019263895  y=-0.6947153188105786  z=-0.022068467767064944
   vx=-0.01919140438941851 vy=-0.005906625283978174 vz=0.0010265623758750806
body 
 name=Earth-Moon mass=3.0401E-6 colour=66ffff
 size=12756
   x=0.5278676891463567  y=-0.8696909032327742  z=-1.2641017489123044E-4
   vx=-0.014457362988800428 vy=-0.008822854335280548 vz=4.0093950579071796E-7
body 
 name=Mars-bc mass=3.2268E-7 colour=ff0033
 size=6794
   x=-0.34244707524743256  y=1.5610434434441323  z=0.04103862482584782
   vx=0.013128485935098183 vy=0.0018336788282271356 vz=-2.83664287857654E-4
body 
 name=Jupiter-bc mass=9.5479194E-4 colour=ccccff
 size=142984
   x=-4.680481438737287  y=2.6449617903170313  z=0.09367346237918821
   vx=0.003801226063372501 vy=0.00621441486882062 vz=-1.1088006112216866E-4
body 
 name=Saturn-bc mass=2.8586E-4 colour=ccffcc
 size=120536
   x=-4.478008757390928  y=-8.919779537535184  z=0.3333101180883871
   vx=-0.004680602192844091 vy=0.0025193286926827266 vz=1.4247482719893247E-4
body 
 name=Uranus-bc mass=4.3658E-5 colour=33ffcc
 size=51118
   x=19.074740216498494  y=5.984893954932795  z=-0.22489036730858164
   vx=0.0012061872651519087 vy=-0.003569387026720227 vz=-2.888677321943299E-5
body 
 name=Neptune-bc mass=5.15057E-5 colour=cc9900
 size=49528
   x=27.772762116600273  y=-11.24757494346411  z=-0.40842901923603225
   vx=-0.0011574594260877135 vy=-0.002928219636122143 vz=8.697600210859652E-5
body 
 name=Pluto-bc mass=7.396E-9 colour=ffc800
 size=100
   x=8.037372810665033  y=-31.900145212369072  z=1.0886290496985263
   vx=-0.0031070667781417727 vy=-1.2372084482100703E-4 vz=9.119880209929588E-4
body 
 name=Borisov mass=0.0 colour=66ffff
 size=100 noorbit 
   x=11.509852991874284  y=20.505678069404148  z=21.04800684618395
   vx=0.008119695990676147 vy=0.011306717854738677 vz=0.012960848243028164
body 
 name=Oumuamua mass=0.0 colour=ffee88
 size=0 noorbit 
   x=1.2467424455074947  y=-7.968468951945372  z=12.071229789374861
   vx=0.002244174044314808 vy=-0.008768991927112915 vz=0.013840016730047238
end 
© 2019 GitHub, Inc.
Terms
Pri
