// Definition generated by JingoAp
title=2013 Reference + Comets
calcstep=0.1
method=7
vstep=100
showstep=0.1
sleep=25
noinfo
orbits
relativity
gofor=0.0
runTo=0.0
record=0.0
scale=120.0
up=0.0
left=0.0
rotate=0.0
tilt=26.0
julian=2456509.5000
body 
name=Sun colour=ffff00 mass=1.0 size=696000 central 
   x=7.065637257127632E-5 y=-0.002508658074068001 z=-7.215836330605422E-5
   vx=6.258000709159765E-6 vy=8.767629870778976E-7 vz=-1.4038478426910817E-7

body 
name=Mars colour=990033 mass=3.2268E-7 size=6794
   x=0.07592364965720264 y=1.558350523907623 z=0.030766350380145812
   vx=-0.01344091055370714 vy=0.001867516147482471 vz=3.690947771139844E-4

body 
name=Jupiter colour=009999 mass=9.547E-4 size=142984
   x=-0.20662400669723494 y=5.130831497617775 z=-0.016766641733726148
   vx=-0.00763195195087018 vy=5.534719621891573E-5 vz=1.7055194697054854E-4

body 
name=Saturn colour=999900 mass=2.8586E-4 size=120536
   x=-7.410662362550125 y=-6.472521893266725 z=0.4074666257351492
   vx=0.003366472531009147 vy=-0.00421567250491797 vz=-6.066940621797897E-5

body 
name=Uranus colour=009900 mass=4.3658E-5 size=51118
   x=19.756900979383985 y=3.3714227848733342 z=-0.24343585355830982
   vx=-6.904060546101417E-4 vy=0.003693717798547446 vz=2.2666818092252304E-5

body 
name=Neptune colour=009999 mass=5.15057E-5 size=49527
   x=26.863087025009396 y=-13.317596186896363 z=-0.3448286338548544
   vx=0.0013734097806227964 vy=0.002831081833693611 vz=-8.995358842591518E-5

body 
name=Mercury colour=666666 mass=1.66E-7 size=4880
   x=0.26626634067806493 y=0.17919395421087317 z=-0.009649763005164878
   vx=-0.021371222567335278 vy=0.024461833182739676 vz=0.003959879571152811

body 
name=Venus colour=999900 mass=2.4476E-6 size=12500
   x=-0.5799558507254287 y=-0.4329919246368475 z=0.027504248231422352
   vx=0.011918299907338593 vy=-0.016336703307645185 vz=-9.114820817415061E-4

body 
name=2P/Encke colour=9999ff mass=0.0 size=0
   x=1.7915183259086034 y=0.5777283441060176 z=0.2695905498699697
   vx=-0.01290824619117072 vy=0.0032268512578675847 vz=-5.487813976040813E-4

body 
name=ISON_(C/2012_S1) colour=ffffff mass=0.0 size=0
   x=-0.9957315791605429 y=2.3862499945557327 z=0.2609548184640047
   vx=0.005283533990407735 vy=-0.013922686354375536 vz=-0.0024289005277008543

body 
name=Earth colour=00ffff mass=3.2268E-7 size=6700
   x=0.6862106459909111 y=-0.7497003590440264 z=-4.980715044468035E-5
   vx=0.012398670320640171 vy=0.01157324651618955 vz=-5.102589432634673E-7
end 
