// Simulation Definition file produced by Orbit.MDB
// 
title=Two Trojans of Jupiter
method=7
vstep=35
calcstep=5
showstep=5
showtype=0
sleep=20
julian=2451545.0
rotate=-1.5
scale=50
body   name=Venus mass=2.44783833966454E-06 colour=445566 size=0 
          x=-0.718302295901566  y=-3.26543100835424E-02  z=4.10141874971981E-02
          vx=7.98117566816828E-04 vy=-2.02952187036674E-02 vz=-3.23451390271401E-04
body   name=Uranus mass=4.36624404335156E-05 colour=005500 size=0.0003452 
          x=14.4318595982083  y=-13.7343123910495  z=-0.23813710590241
          vx=2.67810481721687E-03 vy=2.67269713264685E-03 vz=-2.47719786731935E-05
body   name=Earth mass=3.04043264626853E-06 colour=005555 size=0.0000847 
          x=-0.177158787883371  y=0.967219351799729  z=-1.14641445270313E-06
          vx=-1.72031090431718E-02 vy=-3.16391192482613E-03 vz=2.43158476403839E-08
body   name=Pluto mass=7.40740740740741E-09 colour=444466 size=0.0000155 
          x=-9.87534935948034  y=-27.9587851800476  z=5.85044267680324
          vx=3.02875144786304E-03 vy=-1.53777788313522E-03 vz=-7.12206332043507E-04
body   name=Patroclus mass=0 colour=ccddee size=0 
          x=3.54551401905939  y=-2.31445299250741  z=-1.67485154722456
          vx=4.51473945372454E-03 vy=7.23231493816098E-03 vz=8.12307896097153E-04
body   name=Sun mass=1 colour=ffff00 size=0.0093289 follow central noorbit notrail 
          x=0  y=0  z=0
          vx=0 vy=0 vz=0
body   name=Mars mass=3.22715144505387E-07 colour=550000 size=0.0000451 
          x=1.39071592183241  y=-1.34163140534887E-02  z=-3.44676652261722E-02
          vx=6.71499474365251E-04 vy=1.51872480945199E-02 vz=3.0165165269582E-04
body   name=Achilles mass=0 colour=22ff77 size=0 
          x=-1.15116653782983  y=4.26164377516822  z=0.419937734398164
          vx=-8.44605248739952E-03 vy=-1.82802349856367E-03 vz=-1.29986019687299E-03
body   name=Mercury mass=0.000000166013679 colour=554433 size=0 
          x=-0.130093603014769  y=-0.447287619078395  z=-2.45983101935282E-02
          vx=2.13663956521754E-02 vy=-6.44798948631866E-03 vz=-2.48786398984928E-03
body   name=Neptune mass=5.1513890205355E-05 colour=003355 size=0.000334 
          x=16.8120559830991  y=-24.9917701760587  z=0.127229148200132
          vx=2.57927559538301E-03 vy=1.77689888909333E-03 vz=-9.59088958479777E-05
body   name=Jupiter mass=9.54791938424322E-04 colour=ffdd88 size=0.0009641 focus notrail 
          x=4.00117688116979  y=2.93857633387239  z=-0.101785268617766
          vx=-4.56831398151463E-03 vy=6.44320581284591E-03 vz=7.55796726867744E-05
body   name=Saturn mass=2.85885980666103E-04 colour=555555 size=0.0008109 
          x=6.40641133895402  y=6.56998993360772  z=-0.369074635020883
          vx=-4.29235020282186E-03 vy=3.89031584963904E-03 vz=1.02947966962861E-04
end
