// Simulation Definition file produced by Orbit.MDB
// 
title=Trojans of Jupiter
method=7
vstep=20
calcstep=1
showstep=10
showtype=1
sleep=20
trails
julian=2451545.0
rotate=-1.5
scale=40
body   name=Sun mass=1 colour=ffff00 size=0.0093289 follow central noorbit notrail 
          x=0  y=0  z=0
          vx=0 vy=0 vz=0
body   name=Agamemnon mass=0 colour=998877 size=0 
          x=-2.35178801994645  y=4.27634570211626  z=1.23423211645347
          vx=-7.01687349898546E-03 vy=-0.002748367855101 vz=-2.07096172932817E-03
body   name=Odysseus mass=0 colour=6633ff size=0 
          x=-0.480844754142879  y=4.74046492787978  z=-0.21249317646205
          vx=-8.18431193044328E-03 vy=-8.50442074160541E-04 vz=-2.61046752502867E-04
body   name=Nestor mass=0 colour=ccdd77 size=0 
          x=-0.717726114783184  y=5.45267164964905  z=0.416733613683094
          vx=-7.10858865076803E-03 vy=-2.23544927395863E-04 vz=-1.05400772871791E-04
body   name=Hektor mass=0 colour=ccdd11 size=0 
          x=-2.12179273586146  y=4.50847037595676  z=1.21028130695159
          vx=-6.87884238493442E-03 vy=-2.9563490001498E-03 vz=-1.59857331387987E-03
body   name=Patroclus mass=0 colour=ccddee size=0 
          x=3.54551401905939  y=-2.31445299250741  z=-1.67485154722456
          vx=4.51473945372454E-03 vy=7.23231493816098E-03 vz=8.12307896097153E-04
body   name=Jupiter mass=9.54791938424322E-04 colour=ffdd88 size=0.0009641 focus notrail
          x=4.00117688116979  y=2.93857633387239  z=-0.101785268617766
          vx=-4.56831398151463E-03 vy=6.44320581284591E-03 vz=7.55796726867744E-05
body   name=Mars mass=3.22715144505387E-07 colour=660000 size=0.0000451 
          x=1.39071592183241  y=-1.34163140534887E-02  z=-3.44676652261722E-02
          vx=6.71499474365251E-04 vy=1.51872480945199E-02 vz=3.0165165269582E-04
body   name=Priamus mass=0 colour=7711bb size=0 
          x=4.77909821148502  y=-0.977973488217222  z=0.557123751111936
          vx=2.35322303498461E-03 vy=7.53404584932024E-03 vz=9.35835667863625E-04
body   name=Venus mass=2.44783833966454E-06 colour=660066 size=0 
          x=-0.718302295901566  y=-3.26543100835424E-02  z=4.10141874971981E-02
          vx=7.98117566816828E-04 vy=-2.02952187036674E-02 vz=-3.23451390271401E-04
body   name=Earth mass=3.04043264626853E-06 colour=006666 size=0.0000847 
          x=-0.177158787883371  y=0.967219351799729  z=-1.14641445270313E-06
          vx=-1.72031090431718E-02 vy=-3.16391192482613E-03 vz=2.43158476403839E-08
body   name=Neptune mass=5.1513890205355E-05 colour=000066 size=0.000334 
          x=16.8120559830991  y=-24.9917701760587  z=0.127229148200132
          vx=2.57927559538301E-03 vy=1.77689888909333E-03 vz=-9.59088958479777E-05
body   name=Uranus mass=4.36624404335156E-05 colour=666600 size=0.0003452 
          x=14.4318595982083  y=-13.7343123910495  z=-0.23813710590241
          vx=2.67810481721687E-03 vy=2.67269713264685E-03 vz=-2.47719786731935E-05
body   name=Saturn mass=2.85885980666103E-04 colour=006600 size=0.0008109 
          x=6.40641133895402  y=6.56998993360772  z=-0.369074635020883
          vx=-4.29235020282186E-03 vy=3.89031584963904E-03 vz=1.02947966962861E-04
body   name=Mercury mass=0.000000166013679 colour=666666 size=0 
          x=-0.130093603014769  y=-0.447287619078395  z=-2.45983101935282E-02
          vx=2.13663956521754E-02 vy=-6.44798948631866E-03 vz=-2.48786398984928E-03
body   name=Achilles mass=0 colour=22ff77 size=0 
          x=-1.15116653782983  y=4.26164377516822  z=0.419937734398164
          vx=-8.44605248739952E-03 vy=-1.82802349856367E-03 vz=-1.29986019687299E-03
end
